4
    0 4 4 0
        -10 -10
        20 20

    1 4 4 0
        -30 -1
        20 2

    0 4 4 0
        -50 -10
        20 20

    0 4 4 1
        8 -10
        2 20

4
    0 4 4 2
        8 -10
        2 20

    0 4 4 10
        -10 -10
        20 20

    1 4 4 10
        -30 -1
        20 2

    0 4 4 10
        -50 -10
        20 20
14
    0 4 4
        10 0 -10 
        -10 10 -10
    0 4 4
        -10 0 -10 
        -10 10 -1
    0 4 4
        -10 0 1
        -10 10 10
    0 4 4
        -10 0 10 
        10 10 10
    0 4 4
        10 0 10 
        10 10 -10
    0 4 4
        8 0 10 
        8 1 -10
    0 4 4
        8 2 10 
        8 10 -10

    0 4 4
        -10 0 -1
        -30 10 -1
    0 4 4
        -30 0 1
        -10 10 1

    0 4 4
        -30 0 -10 
        -50 10 -10
    0 4 4
        -50 0 -10 
        -50 10 10
    0 4 4
        -50 0 10 
        -30 10 10
    0 4 4
        -30 0 10 
        -30 10 1
    0 4 4
        -30 0 -1
        -30 10 -10
    
3
    0 2 -44.0 0.0
    0 2 -40.0 4.0
    0 2 -40.0 -4.0
1
    1 0 0 9.0 0.0