2
    0 10.000000 10.000000 -100.000000 -100.000000 100.000000 200.000000
    1 10.000000 10.000000 0.000000 -100.000000 100.000000 200.000000
4
    0 5.000000 5.000000 10.000000 0.000000 -10.000000 -10.000000 10.000000 -10.000000
    0 5.000000 5.000000 -10.000000 0.000000 -10.000000 -10.000000 10.000000 10.000000
    0 5.000000 5.000000 -10.000000 0.000000 10.000000 10.000000 10.000000 10.000000
    0 5.000000 5.000000 10.000000 0.000000 10.000000 10.000000 10.000000 -10.000000
3
    0 2 -0.270111 -1.848521
    0 2 2.493773 0.475389
    0 2 3.414852 -4.837984
1    1 0 0 0.000000 0.000000
