2
    0 10.000000 10.000000 -100.000000 -100.000000 100.000000 200.000000
    1 10.000000 10.000000 0.000000 -100.000000 100.000000 200.000000
4
    0 5.000000 5.000000 10.000000 0.000000 -10.000000 -10.000000 10.000000 -10.000000
    0 5.000000 5.000000 -10.000000 0.000000 -10.000000 -10.000000 10.000000 10.000000
    0 5.000000 5.000000 -10.000000 0.000000 10.000000 10.000000 10.000000 10.000000
    0 5.000000 5.000000 10.000000 0.000000 10.000000 10.000000 10.000000 -10.000000
3
    0 2 -3.600468 -2.245125
    0 2 -2.223941 -1.141654
    0 2 -1.597178 -3.832142
1    1 0 0 0.000000 0.000000
